EREBP1  Os02g54160.1
A:	1.00	0.00	0.00	0.50	0.00	0.00	0.00
C:	0.00	0.00	1.00	0.50	0.00	0.50	1.00
G:	0.00	1.00	0.00	0.00	1.00	0.50	0.00
T:	0.00	0.00	0.00	0.00	0.00	0.00	0.00

EREBP2  Os01g64790.1
A:	1.00	0.00	0.00	0.50	0.00	0.00	0.00
C:	0.00	0.00	1.00	0.50	0.00	0.50	1.00
G:	0.00	1.00	0.00	0.00	1.00	0.50	0.00
T:	0.00	0.00	0.00	0.00	0.00	0.00	0.00

NAC AT3G12910.1
A:	0.00	0.00	0.00	0.00	0.00	0.00  0.00  0.00	1.00	0.00	0.00
C:	0.00	1.00	0.00	1.00	1.00	0.00  0.50  1.00	0.00	0.00	0.50
G:	0.00	0.00	0.00	0.00	0.00	0.50  0.50  0.00	0.00	1.00	0.50
T:	1.00	0.00	1.00	0.00	0.00	0.50  0.00  0.00	0.00	0.00	0.00

MYB31 AT1G74650.1
A:	0.50	0.00	1.00	1.00	0.00	0.00  1.00  0.00	0.00	0.50	0.50
C:	0.50	0.50	0.00	0.00	1.00	1.00  0.00  1.00	1.00	0.00	0.50
G:	0.00	0.00	0.00	0.00	0.00	0.00  0.00  0.00	0.00	0.00	0.00
T:	0.00	0.50	0.00	0.00	0.00	0.00  0.00  0.00	0.00	0.50	0.00

LEAFY AT5G61850.1
A:	116	111	109	192	10	5	325	249	49	30	10	143	8	125	305	210	221	145	116
C:	57	26	11	24	349	342	8	18	151	2	2	6	327	223	16	13	39	65	80
G:	55	128	235	5	3	3	24	43	6	333	353	15	2	3	24	5	62	66	65
T:	144	107	17	151	10	22	15	62	166	7	7	208	35	21	27	144	50	96	111

VRN1  AY750993
A:	0.186	0.101	0.570	0.562	0.947	0.842	0.787	0.573	0.241	0.147
C:	0.715	0.706	0.173	0.064	0.017	0.011	0.073	0.033	0.000	0.000
G:	0.070	0.075	0.140	0.311	0.035	0.029	0.068	0.093	0.758	0.850
T:	0.027	0.116	0.116	0.062	0.000	0.116	0.070	0.299	0.000	0.001

CONS1 CONS_ARATH
A:	0.00	0.00	0.00	0.00	0.25	0.25	1.00  0.00	0.00
C:	0.00	0.00	0.00	0.00	0.25	0.25	0.00  0.00	0.00
G:	0.00	1.00	0.00	1.00	0.25	0.25	0.00  0.00	1.00
T:	1.00	0.00	1.00	0.00	0.25	0.25	0.00  1.00	0.00

CONS2 CONS_ARATH
A:	0.00	0.00	0.00	0.00	0.25	0.25	0.25	1.00  0.00	0.00
C:	0.00	0.00	0.00	0.00	0.25	0.25	0.25	0.00  0.00	0.00
G:	0.00	1.00	0.00	1.00	0.25	0.25	0.25	0.00  0.00	1.00
T:	1.00	0.00	1.00	0.00	0.25	0.25	0.25	0.00  1.00	0.00

FOXJ3 FOXJ3
A:	0.138	0.301	0.184	0.08	0.113	0.001	0.006	0.017	0.809	0.028
C:	0.36	0.215	0.368	0.014	0.022	0.05	0.032	0.001	0.068	0.607
G:	0.212	0.301	0.223	0.013	0.856	0.056	0.016	0.124	0.097	0.05
T:	0.29	0.183	0.225	0.893	0.009	0.893	0.946	0.858	0.026	0.315

FOXK2 FOXK2
A:	0.094	0.038	0.309	0.004	0.087	0.006	0.008	0.01	0.946	0.001
C:	0.387	0.743	0.185	0.004	0.001	0.006	0.001	0.001	0.012	0.853
G:	0.327	0.11	0.119	0.001	0.911	0.005	0.046	0.137	0.001	0.004
T:	0.192	0.109	0.387	0.991	0.001	0.983	0.945	0.852	0.041	0.142

FOXO3 FOXO3
A:	0.084	0.02	0.935	0.974	0.974	0.009	0.985	0.269	0.168	0.236
C:	0.005	0.006	0.046	0.016	0.007	0.966	0.003	0.157	0.429	0.218
G:	0.908	0.004	0.009	0.005	0.007	0.003	0.004	0.496	0.298	0.362
T:	0.003	0.97	0.01	0.005	0.012	0.022	0.008	0.077	0.105	0.184

ORE unknownFh
A:	0.00	0.00	0.00	1.00	1.00	1.00	1.00	0.00  0.00	0.50
C:	0.50	0.00	0.00	0.00	0.00	0.00	0.00	0.00  0.50	0.00
G:	0.50	1.00	1.00	0.00	0.00	0.00	0.00	1.00  0.00	0.00
T:	0.00	0.00	0.00	0.00	0.00	0.00	0.00	0.00  0.50	0.50

StCONSTANSlike1 StCONSTANSlike1
A:	0	0	0	0	0	0	0
C:	0	0	0	0	0	0	1
G:	1	5	0	6	5	1	5
T:	5	1	6	0	1	5	0

NF_CO	CONS_ARATH
A:	0.4545	0.4494	0.0756	0.1423	0.7042	0.0298	0.5649	0.4716
C:	0.1772	0.1460	0.6872	0.7692	0.0281	0.6622	0.1299	0.1910
G:	0.2068	0.2202	0.0756	0.0500	0.1197	0.1490	0.1299	0.1367
T:	0.1613	0.1842	0.1615	0.0384	0.1478	0.1589	0.1751	0.2004

BdTHX1	BdTHX1
A:	0.112	0.295	0.010	0.000	0.071	0.938	0.000	0.020	0.091	0.000
C:	0.265	0.000	0.000	0.000	0.091	0.040	0.989	0.612	0.081	0.673
G:	0.102	0.051	0.051	0.000	0.000	0.000	0.000	0.010	0.714	0.122
T:	0.520	0.653	0.938	1.000	0.836	0.020	0.010	0.357	0.112	0.204

GRF4	GRF4_ORYSJ
A:	98	85	36	14	28	23	20	21	26	29	77	97
C:	445	463	32	723	707	13	738	715	15	697	447	147
G:	132	137	704	35	28	741	21	32	722	38	159	441
T:	121	111	24	24	33	19	17	28	33	32	113	111

NGA1	C3VMM2_ARATH
A:	0	1	0	0	0	0
C:	1	0	1	0	0	0
G:	0	0	0	0	0	1
T:	0	0	0	1	1	0

O2DREME	B4FHZ3_MAIZE
A:	0.00	0.00	1.00	0.00	0.48	0.00	0.00	1.00
C:	1.00	1.00	0.00	1.00	0.00	0.00	1.00	0.00
G:	0.00	0.00	0.00	0.00	0.52	0.00	0.00	0.00
T:	0.00	0.00	0.00	0.00	0.00	1.00	0.00	0.00

O2MEME	B4FHZ3_MAIZE
A:	0.00	0.00	0.71	0.00	0.39	0.00	0.00	1.00	0.00	0.00
C:	1.00	1.00	0.00	0.51	0.06	0.00	1.00	0.00	0.35	0.82
G:	0.00	0.00	0.02	0.00	0.55	0.00	0.00	0.00	0.00	0.18		
T:	0.00	0.00	0.27	0.49	0.00	1.00	0.00	0.00	0.65	0.00

PHE1SVP	PHE1_ARATH
A:	0.105	0.001	0.387	0.074	0.001	0.577	0.412	0.550	0.321	0.398	
C:	0.038	0.001	0.127	0.924	0.997	0.124	0.001	0.118	0.001	0.001	
G:	0.001	0.001	0.001	0.001	0.001	0.001	0.001	0.001	0.001	0.146	
T:	0.856	0.997	0.485	0.001	0.001	0.298	0.586	0.331	0.677	0.455	

PHE1MADS	PHE1_ARATH
A:	0.096	0.073	0.710	0.364	0.900	0.821	0.740	0.203	0.352	0.094	
C:	0.715	0.688	0.033	0.063	0.017	0.030	0.017	0.051	0.020	0.101	
G:	0.080	0.022	0.084	0.127	0.035	0.015	0.041	0.061	0.616	0.721	
T:	0.109	0.217	0.173	0.446	0.048	0.134	0.202	0.685	0.012	0.084

ZmNAC128	A0A060D1R6_MAIZE
A:	2	0	0	0	2	2
C:	0	2	0	2	0	0
G:	0	0	2	0	0	0
T:	0	0	0	0	0	0

ARF4	A0A1D6DUR0_MAIZE
A:	0	18	19	27	153	
C:	0	15	9	4556	360	
G:	0	4599	11	19	2298	
T:	4649	18	4611	47	1840

ARF4_DYAD0	A0A1D6DUR0_MAIZE
A:	950	982	2458	0	2458	0	0	0	382	350								
C:	569	359	0	2458	0	0	0	0	735	589								
G:	589	735	0	0	0	0	2458	0	359	569								
T:	350	382	0	0	0	2458	0	2458	982	950

ARF7	D9HNT4_MAIZE
A:	53	28	42	60	74	195	
C:	955	78	434	3249	167	232	
G:	242	3429	56	48	2944	2870	
T:	2335	50	3054	228	400	288	

ARF10	A0A1D6N2H0_MAIZE
A:	290	126	93	731	222	1894	71	2126	
C:	153	144	170	143	84	124	2307	87	
G:	1981	2172	2203	1589	2162	455	82	270	
T:	110	91	68	71	65	62	74	51	

ARF13	K7U085_MAIZE
A:	153	67	30	597	110	2278	19	2587	667	99	
C:	47	47	47	27	21	34	2724	34	1360	51	
G:	2552	2659	2696	2150	2645	463	28	158	19	2037	
T:	41	21	21	19	17	18	22	14	748	606

ARF14	C4JAZ4_MAIZE
A:	196	0	103	166	101	1565	0	1611	
C:	133	0	0	0	34	0	1635	0	
G:	1205	1659	1556	1465	1524	94	24	49	
T:	127	0	0	28	0	0	0	0

ARF16	K7URZ7_MAIZE
A:	2334	0	4566	0	4566	
C:	1756	0	0	4566	0	
G:	362	4566	0	0	0	
T	115	0	0	0	0

ARF18	A0A1D6GSS0_MAIZE
A:	179	1431	0	3845	0	3845	
C:	3178	2414	0	0	3845	0	
G:	162	0	3845	0	0	0	
T:	327	0	0	0	0	0

ARF18_DYAD6	A0A1D6GSS0_MAIZE
A:	63	378	229	962	0	849	289	274	384	365	241	401	236	962	0	878	343	243
C:	139	339	73	0	962	67	212	233	195	259	360	326	74	0	962	50	169	140
G:	56	170	603	0	0	34	235	281	185	163	134	144	600	0	0	21	199	159
T:	45	75	57	0	0	12	226	174	198	175	227	91	52	0	0	13	251	117

ARF18_DYAD7	A0A1D6GSS0_MAIZE
A:	367	183	655	0	655	192	169	195	189	303	133	348	178	655	0	655	341	288
C:	152	58	0	655	0	86	117	106	101	108	169	162	46	0	655	0	68	118
G:	100	369	0	0	0	98	292	225	94	137	123	99	388	0	0	0	104	149
T:	36	45	0	0	0	279	77	129	271	107	230	46	43	0	0	0	142	100

ARF18_DYAD13	A0A1D6GSS0_MAIZE
A:	52	270	171	874	0	777	289	229	262	240	211	202	223	249	254	265	219	188	246	14	0	0	39	104	56
C:	135	321	42	0	874	44	139	191	178	170	184	184	214	239	225	199	215	266	200	39	0	0	622	179	81
G:	81	179	622	0	0	39	200	266	215	199	225	239	214	184	184	170	178	191	139	44	874	0	42	321	135
T:	56	104	39	0	0	14	246	188	219	265	254	249	223	202	211	240	262	229	289	777	0	874	171	270	52

ARF25	C0PH36_MAIZE
A:	285	111	111	1140	118	2450	22	2422	
C:	159	126	120	112	34	67	2555	30	
G:	2019	2250	2328	1323	2460	93	30	158	
T:	168	144	71	55	19	20	23	20

ARF27	D9HNV4_MAIZE
A:	298	977	0	3874	0	3451	
C:	2831	2898	0	0	3874	423	
G:	358	0	3874	0	0	0	
T:	388	0	0	0	0	0

ARF29	A0A1D6JH51_MAIZE
A:	1	0	0	0	124	605	
C:	1	0	0	4442	221	547	
G:	74	4442	0	0	2370	2866	
T:	4367	0	4442	0	1729	426

ARF34	A0A060D7X7_MAIZE
A:	2916	0	4525	0	4525	
C:	1126	0	0	4525	0	
G:	328	4525	0	0	0	
T:	156	0	0	0	0

ARF34_DYAD3	A0A060D7X7_MAIZE
A:	3550	3272	8906	0	8906	2071	2179	4012	0	0	0	753	900					
C:	2107	674	0	8906	0	1647	2274	1176	0	0	0	4207	2349					
G:	2349	4207	0	0	0	1176	2274	1647	0	8906	0	674	2107					
T:	900	753	0	0	0	4012	2179	2071	8906	0	8906	3272	3550

ARF35	A0A1D6GVF5_MAIZE
A:	0	0	0	0	0	241	
C:	0	0	34	4403	26	166	
G:	471	4403	0	0	3586	3720	
T:	3932	0	4369	0	792	277

ARF36	C0PAG5_MAIZE
A:	236	250	111	70	284	150	1624	54	1722	
C:	1216	106	106	134	92	67	94	1772	66	
G:	194	1481	1634	1675	1499	1664	185	58	111	
T:	292	100	86	59	62	57	35	55	39	

ARF36_DYAD11	C0PAG5_MAIZE
A:	706	895	2396	0	2396	856	635	597	576	611	602	717	543	709	431	697	0	0	0	226	345
C:	754	374	0	2396	0	460	602	474	583	615	596	453	694	616	728	383	0	0	0	901	591
G:	591	901	0	0	0	383	728	616	694	453	596	615	583	474	602	460	0	2396	0	374	754
T:	345	226	0	0	0	697	431	709	543	717	602	611	576	597	635	856	2396	0	2396	895	706

ARF39	A0A1D6E9Y1_MAIZE
A:	0	136	283	118	2594	0	2574	
C:	0	0	0	0	0	2573	0	
G:	2594	2458	2311	2476	0	21	20	
T:	0	0	0	0	0	0	0

ARF39_DYAD11	A0A1D6E9Y1_MAIZE
A:	306	15	0	0	35	61	85	202	214	286	293	256	312	244	144	301	246	962	0	862	278	166
C:	206	32	0	0	620	245	368	334	260	215	188	205	176	182	365	355	61	0	962	53	172	139
G:	172	53	962	0	61	355	365	182	176	205	188	215	260	334	368	245	620	0	0	32	206	221
T:	278	862	0	962	246	301	144	244	312	256	293	286	214	202	85	61	35	0	0	15	306	128

ARF39_DYAD12	A0A1D6E9Y1_MAIZE
A:	12	0	0	89	159	533	182	244	874	722	339	357	300	241	613	306	206	1878	0	1383	382	211
C:	433	0	0	1531	284	315	767	690	201	605	212	446	644	688	417	1129	52	0	1878	50	545	164
G:	50	1878	0	52	1129	417	688	644	446	212	605	201	690	767	315	284	1531	0	0	433	564	229
T:	1383	0	1878	206	306	613	241	300	357	339	722	874	244	182	533	159	89	0	0	12	387	122

TB1	A0A1D6L1J8_MAIZE	
A:	0       0       0       15      0       0               
C:	0       0       0       18      100     100
G:	100     100     100     52      0       0
T:	0       0       0       15      0       0

MYB3R3	MB3R3_ARATH
A:	32	18	4	56	3	0	0	0	0	2	64	3	30	22
C:	11	22	4	7	2	68	68	1	0	0	0	43	10	8
G:	5	15	10	3	63	0	0	67	2	0	4	12	12	17
T:	20	13	50	2	0	0	0	0	66	66	0	10	16	21

IDE	IDEF1_ORYSJ
A:	5	0	0	12	0	0	0	4	0	
C:	3	0	12	0	0	0	10	0	0	
G:	0	9	0	0	0	12	2	1	2	
T:	4	3	0	0	12	0	0	7	10	

TCP2	TCP2_ARATH
A:	5	0	0	0	0	10	0	0	10	0	7	4
C:	3	0	0	0	0	5	20	20	10	16	5	7
G:	6	14	13	20	17	0	0	0	0	0	2	0
T:	6	6	7	0	3	5	0	0	0	4	6	9

WRKY71	WRK71_ARATH
A:	0.066	0.000	0.866	0.000	0.266	0.933	0.533
C:	0.000	0.000	0.000	1.000	0.266	0.067	0.067
G:	0.000	1.000	0.000	0.000	0.000	0.000	0.400
T:	0.934	0.000	0.134	0.000	0.468	0.000	0.000

MdDAM1-MdSVPa-1	MdDAM1
A:	0.900	0.350	0.000	1.000	0.983	1.000	0.167	0.000	0.067	0.083	0.000	0.517	0.067	1.000	0.000
C:	0.000	0.000	1.000	0.000	0.017	0.000	0.000	0.150	0.000	0.000	0.000	0.017	0.183	0.000	0.000
G:	0.083	0.000	0.000	0.000	0.000	0.000	0.200	0.000	0.866	0.917	0.000	0.466	0.583	0.000	0.033
T:	0.017	0.650	0.000	0.000	0.000	0.000	0.633	0.850	0.067	0.000	1.000	0.000	0.167	0.000	0.967

MdDAM1-MdSVPa-2	MdDAM1
A:	0.000	1.000	1.000	0.000	0.000	1.000	1.000	0.976	0.000	0.000	1.000	0.000	0.000	0.024	0.780
C:	0.000	0.000	0.000	0.000	0.220	0.000	0.000	0.000	0.024	0.000	0.000	0.000	0.220	0.000	0.195
G:	0.000	0.000	0.000	0.000	0.707	0.000	0.000	0.000	0.513	0.000	0.000	1.000	0.780	0.000	0.025
T:	1.000	0.000	0.000	1.000	0.073	0.000	0.000	0.024	0.463	1.000	0.000	0.000	0.000	0.976	0.000

MdDAM4-MdSVPa	 MdDAM4 
A:	0.990	1.000	0.000	0.997	0.945	0.000	0.003	0.000	1.000	0.984	0.020	0.000	0.000	0.458	1.000
C:	0.010	0.000	0.000	0.000	0.000	0.000	0.987	1.000	0.000	0.013	0.000	0.000	0.000	0.000	0.000
G:	0.000	0.000	0.007	0.003	0.052	0.052	0.000	0.000	0.000	0.003	0.003	0.000	0.000	0.542	0.000
T:	0.000	0.000	0.993	0.000	0.003	0.948	0.010	0.000	0.000	0.000	0.977	1.000	1.000	0.000	0.000

MdFLC-MdSVPa-1	MdFLC-like
A:	0.000	1.000	0.066	0.000	1.000	0.995	1.000	0.000	0.018	0.005	0.025
C:	0.289	0.000	0.000	0.646	0.000	0.000	0.000	0.000	0.000	0.000	0.000
G:	0.002	0.000	0.000	0.000	0.000	0.005	0.000	0.046	0.000	0.990	0.975
T:	0.709	0.000	0.934	0.354	0.000	0.000	0.000	0.954	0.982	0.005	0.000

MdFLC-MdSVPa-2	MdFLC-like
A:	1.000	0.000	0.000	1.000	1.000	1.000	0.000	0.000	0.981	0.000	0.000	0.000	0.815	1.000	0.000
C:	0.000	0.000	0.278	0.000	0.000	0.000	0.019	0.000	0.019	0.019	0.241	0.000	0.185	0.000	1.000
G:	0.000	0.000	0.722	0.000	0.000	0.000	0.407	0.000	0.000	0.962	0.759	0.000	0.000	0.000	0.000
T:	0.000	1.000	0.000	0.000	0.000	0.000	0.574	1.000	0.000	0.019	0.000	1.000	0.000	0.000	0.000

MdSVPa-MdSVPa-1	MdSVPa
A:	0.000	0.000	1.000	1.000	1.000	0.000	0.000	0.000	0.000	1.000	0.000	0.000
C:	0.000	0.553	0.000	0.000	0.000	0.000	0.000	0.000	0.000	0.000	0.000	0.000
G:	0.000	0.000	0.000	0.000	0.000	0.000	0.000	1.000	1.000	0.000	0.000	0.004
T:	1.000	0.447	0.000	0.000	0.000	1.000	1.000	0.000	0.000	0.000	1.000	0.996

MdSVPa-MdSVPa-2	MdSVPa
A:	0.081	0.000	0.508	0.952	0.548	0.686	0.823	0.024	0.613	0.000	0.992	1.000	1.000	0.000	0.016
C:	0.871	0.927	0.218	0.000	0.121	0.000	0.008	0.016	0.000	0.000	0.000	0.000	0.000	0.815	0.161
G:	0.000	0.000	0.210	0.032	0.266	0.008	0.000	0.000	0.387	1.000	0.000	0.000	0.000	0.185	0.000
T:	0.048	0.073	0.064	0.016	0.065	0.306	0.169	0.960	0.000	0.000	0.008	0.000	0.000	0.000	0.823

AtDUO1	DUO1_ARATH
A:	0.442   0.675   0.002   0.008   0.003   0.004   0.010   0.843
C:	0.003   0.003   0.991   0.157   0.002   0.003   0.010   0.009
G:	0.533   0.316   0.002   0.833   0.992   0.002   0.001   0.085
T:	0.022   0.006   0.005   0.002   0.003   0.991   0.979   0.065

SlBES1.8	A0A3Q7IIT4_SOLLC
A:	0	5	5	0
C:	0	0	0	0
G:	0	0	0	0
T:	5	0	0	5

DcWRKY75	Q9M4R5_DIACA
A:	0.833	0.000	0.833	1.000	0.000	0.000	0.000	
C:	0.000	0.000	0.000	0.000	0.167	0.333	0.167	
G:	0.000	1.000	0.000	0.000	0.333	0.334	0.000	
T:	0.167	0.000	0.167	0.000	0.500	0.333	0.833

CLSY3	CLSY3_ARATH
A:	0.001	0.001	0.001	0.122	0.001	0.001	0.997	0.001	0.484	0.001	0.001	0.001	0.001	0.001	0.001	0.001	0.001	0.997	
C:	0.001	0.001	0.001	0.876	0.001	0.001	0.001	0.001	0.001	0.001	0.001	0.001	0.001	0.001	0.997	0.001	0.001	0.001	
G:	0.001	0.001	0.997	0.001	0.001	0.001	0.001	0.001	0.514	0.001	0.001	0.001	0.001	0.997	0.001	0.001	0.001	0.001	
T:	0.997	0.997	0.001	0.001	0.997	0.997	0.001	0.997	0.001	0.997	0.997	0.997	0.997	0.001	0.001	0.997	0.997	0.001

HB21	VfHB21
A:	0	3	3	0	1	3	0	0	1
C:	1	0	0	0	0	0	0	0	0
G:	0	0	0	0	0	0	0	0	2
T:	2	0	0	3	2	0	3	3	0

TZP1	Q9FIX7_ARATH
A:	0.027	0.346	0.001	0.994	0.001	0.001	0.001	0.051	
C:	0.034	0.558	0.997	0.001	0.996	0.001	0.009	0.111	
G:	0.834	0.018	0.001	0.004	0.002	0.997	0.001	0.837	
T:	0.105	0.078	0.001	0.001	0.001	0.001	0.989	0.001

TZP2	Q9FIX7_ARATH
A:	0.286	0.277	0.324	0.375	0.394	0.001	0.001	0.001	0.001	0.001	0.001	0.240	0.328	0.287	0.287	
C:	0.216	0.210	0.165	0.138	0.097	0.001	0.001	0.001	0.001	0.997	0.535	0.172	0.171	0.156	0.201	
G:	0.200	0.183	0.142	0.177	0.131	0.001	0.997	0.997	0.997	0.001	0.001	0.189	0.201	0.232	0.208	
T:	0.298	0.331	0.369	0.310	0.379	0.997	0.001	0.001	0.001	0.001	0.463	0.399	0.300	0.325	0.304

ZFHD10-1	ZHD10_ARATH
A:	0.286	0.277	0.324	0.375	0.394	0.001	0.001	0.001	0.001	0.001	0.001	0.240	0.328	0.287	0.287	
C:	0.216	0.210	0.165	0.138	0.097	0.001	0.001	0.001	0.001	0.997	0.535	0.172	0.171	0.156	0.201	
G:	0.200	0.183	0.142	0.177	0.131	0.001	0.997	0.997	0.997	0.001	0.001	0.189	0.201	0.232	0.208	
T:	0.298	0.331	0.369	0.310	0.379	0.997	0.001	0.001	0.001	0.001	0.463	0.399	0.300	0.325	0.304

ZFHD10-2	ZHD10_ARATH
A:	0.027	0.346	0.001	0.994	0.001	0.001	0.001	0.051	
C:	0.034	0.558	0.997	0.001	0.996	0.001	0.009	0.111	
G:	0.834	0.018	0.001	0.004	0.002	0.997	0.001	0.837	
T:	0.105	0.078	0.001	0.001	0.001	0.001	0.989	0.001

ZFHD10-3	ZHD10_ARATH
A:	0.100	0.898	0.100	0.898	0.100	0.898	0.100	0.898	0.100	0.898	
C:	0.001	0.001	0.001	0.001	0.001	0.001	0.001	0.001	0.001	0.001	
G:	0.001	0.001	0.001	0.001	0.001	0.001	0.001	0.001	0.001	0.001	
T:	0.898	0.100	0.898	0.100	0.898	0.100	0.898	0.100	0.898	0.100





